36.279987
36.000319
36.190068
36.024132
36.108717
36.219736
36.166202
36.221455
36.362148
24.31117
24.357087
24.21774
24.605526
24.401117
24.293462
24.170927
24.104892
24.453796
24.120419
24.224876
24.307768
24.282392
48.433312
24.043767
48.031965
60.192178
60.29907
60.051706
60.183408
60.425512
36.593698
36.010639
48.036666
24.317773
24.157733
24.006601
24.033469
24.064849
24.581951
24.087163
24.006799
24.05207
24.450953
24.284724
24.498594
24.598975
36.47859
24.09868
36.218512
60.134345
60.211208
60.214159
60.155906
36.286999
36.612107
48.357214
24.157557
24.262114
24.0933
24.47949
24.284407
24.371686
24.261721
24.170839
24.361158
24.301509
24.042241
24.03542
24.495772
37.040996
24.040974
36.603063
60.194107
60.255005
60.159846
36.150367
36.044684
48.294717
24.011523
24.10417
24.267277
24.013176
24.309802
24.460416
24.095588
24.173214
24.049815
24.402154
24.36099
24.06009
24.365401
36.100453
24.246701
36.168635
60.100418
60.235114
36.167896
36.136092
48.231406
24.50214
24.115587
24.060198
24.326443
24.105351
24.241384
24.163764
24.289534
24.783464
24.03989
24.104659
24.256166
24.448287
36.117368
24.384037
36.142853
60.484932
36.555864
36.132714
48.242642
24.376077
24.149629
24.046256
24.08879
24.355943
24.034514
24.050416
24.049216
24.511205
24.353082
24.281481
24.048782
24.07968
36.144454
24.198789
36.160693
36.118383
36.137607
48.128384
24.666655
24.010179
24.073433
24.646119
24.010139
24.096833
24.04213
24.214162
24.101922
24.234669
24.228114
24.440606
24.307845
36.291702
24.239434
36.293558
36.08591
36.666719
24.330022
24.116302
24.199155
24.227142
24.062504
24.272795
24.553225
24.458395
24.047512
24.078217
24.13445
24.022681
24.726238
36.295161
24.45067
36.227688
36.196283
24.062681
24.212617
24.012899
24.107001
24.11072
24.081433
24.276753
24.207896
24.152423
24.257527
24.555137
24.088753
24.308078
36.213484
24.024669
36.107042
24.669499
24.404779
24.318403
24.078052
24.430423
24.239838
24.566081
24.25049
24.63494
24.247668
24.120943
24.209291
24.068276
36.313826
24.080317
36.213491
60.258509
60.25247
60.122256
60.2448
60.058297
60.00222
48.638407
36.422655
36.132821
36.710598
60.594859
48.055242
24.119463
60.009366
24.208227
60.154916
60.117581
60.446019
60.228053
60.033659
48.438545
36.264289
36.705761
36.058653
60.276819
48.481761
24.502103
60.211861
24.310955
60.337224
60.233851
60.307679
60.008826
48.258595
36.001838
36.193409
36.073119
60.284387
48.238267
24.577179
60.490109
24.138056
72.393679
72.54723
72.422089
48.277773
36.121775
36.250446
36.598417
60.396717
48.458559
24.174749
60.172677
24.14139
72.28055
72.264876
48.4097
36.329472
36.228661
36.27627
60.060497
48.115865
24.429893
60.09333
24.354857
72.042011
48.137189
36.070925
36.112684
36.981407
60.42602
48.426988
24.01378
60.182306
24.375546
48.070018
36.170799
36.617306
36.032403
60.415984
48.363954
24.254635
60.82414
24.152554
36.453285
36.106189
36.088475
48.001257
48.125718
24.600255
48.314211
24.47116
48.202274
36.119358
36.218925
36.152422
24.204929
36.153274
24.347976
36.014527
36.026601
36.012323
24.080376
36.438441
24.10349
36.184662
36.290976
24.089125
36.498762
24.120468
48.528212
24.244518
60.055423
24.10674
24.004301
48.215777
24.20041
24.049504
48.511438
24.227518
