72.552252
74.573635
71.968891
72.481306
74.207111
74.301899
72.312466
73.831266
73.348618
59.691826
58.564379
60.009923
58.599321
58.778512
58.592089
58.303689
56.810193
57.861767
57.997441
61.169566
58.109793
57.860384
89.311022
59.774544
89.001060
103.341357
103.235719
103.341357
103.341357
103.341357
73.322878
75.251684
88.183401
58.099487
58.383354
59.911918
57.996198
59.363672
57.949302
58.201771
58.472770
58.307582
58.297896
57.873186
57.925426
58.445752
75.251684
58.122456
75.251684
100.138842
100.555178
101.951916
103.131357
74.303673
72.476329
88.972985
58.902880
61.169566
59.364169
58.087923
60.012463
59.179309
59.051158
57.854136
58.463714
58.701941
58.105645
58.840801
59.027581
73.282690
58.126041
74.151799
103.095005
101.395453
101.904591
75.251684
72.595536
86.574674
58.770852
59.923046
59.245030
58.586149
58.150918
59.129444
58.984536
59.261691
57.894497
58.967628
59.698871
61.169566
57.934439
72.337509
58.517143
75.140056
103.341357
99.071600
74.470425
72.895528
86.314253
57.960218
59.091360
58.762809
59.819604
59.857730
56.638684
59.785467
58.768021
57.752494
59.886117
59.529257
57.955433
59.082571
75.251684
56.047166
72.714559
101.409284
75.251684
74.824261
87.184964
60.236428
58.229827
60.447144
58.561105
58.192642
58.707694
58.250782
60.105379
58.676892
59.493078
58.868713
59.150856
58.246679
73.341042
57.974211
75.251684
75.251684
74.924236
87.111206
59.794507
59.842868
58.731697
59.727451
59.022224
55.868423
58.431230
59.735868
58.552914
59.909031
57.933126
58.927496
57.672470
71.924039
56.744611
75.251684
73.264013
75.251684
59.313155
59.189827
59.507143
60.140350
61.169566
61.169566
60.989730
57.916381
58.558616
58.640739
58.640952
60.438703
60.249009
74.544512
57.754047
75.251684
73.983077
58.031057
60.616131
58.714617
58.336373
61.068797
58.124814
57.855922
58.384960
58.660696
58.001537
58.146478
58.493829
57.896253
74.217212
58.020396
74.544401
58.771856
58.873156
61.169566
58.285284
59.257405
55.990401
61.169566
59.077166
59.195591
61.169566
58.072318
58.568002
57.774654
72.819148
55.566096
74.118454
100.329096
101.548360
102.594532
103.341357
102.618628
103.341357
89.311022
75.251684
74.936600
75.251684
100.514318
89.311022
60.418342
100.409025
61.066579
101.876392
100.867310
101.994751
101.079623
101.592790
88.155141
75.251684
68.782640
75.070517
96.507819
84.983811
53.895614
101.475982
54.181597
102.969396
103.341357
101.233797
103.341357
89.311022
73.459708
72.171171
75.251684
103.341357
88.700631
58.059051
103.341357
58.674803
115.108717
114.809787
117.334881
87.172585
74.974058
73.845552
74.713628
102.721769
87.810831
58.039848
101.461838
58.064444
115.790560
116.217588
89.311022
72.249664
72.805542
73.324501
103.341357
87.493980
57.889835
103.341357
57.757895
116.179044
89.311022
75.251684
75.251684
73.556554
102.916106
89.311022
59.050394
98.765808
58.715055
89.311022
75.251684
75.251684
75.251684
100.946119
87.217960
58.509897
103.341357
58.988794
71.978322
73.319501
73.585913
85.954374
86.702184
57.929221
89.311022
57.725202
89.311022
72.568654
72.868597
72.052530
57.927177
74.878034
57.738470
75.251684
69.742780
70.383275
54.771442
73.339521
55.215496
72.059762
75.251684
59.098425
75.251684
58.178847
84.983811
54.392600
101.317502
54.696972
55.382938
86.591360
56.769201
58.595780
81.562636
59.443753
