72.064058
73.189123
72.869034
75.314592
74.405121
72.852171
74.029799
74.288923
72.143814
58.770693
61.218007
59.447708
58.104884
58.787024
56.090351
59.371131
60.098194
59.661307
59.114690
58.125843
59.435200
58.551947
88.451110
56.990028
89.390497
101.335231
100.860014
99.140494
98.759264
103.439947
75.314592
73.714260
86.715592
59.390363
57.846731
59.940562
54.539630
58.825130
59.663833
58.354408
57.967774
58.101056
58.179906
58.846986
53.869462
58.778098
74.849808
59.032827
71.901168
101.426521
102.899654
103.141247
100.603094
73.693836
75.158340
89.390497
59.308046
58.866285
59.317834
58.975404
59.158200
59.218337
59.114372
58.315942
58.053259
61.150949
61.218007
57.979916
60.423338
72.676619
57.908553
75.314592
100.417631
103.264875
101.232414
72.264796
72.922568
86.355536
60.356404
59.972521
60.134029
59.151961
58.939049
58.827702
59.392906
57.924583
57.875596
58.268027
60.328408
59.254609
58.419838
72.109507
59.249695
72.918962
96.146953
101.645649
72.776338
73.607507
86.260410
60.660940
57.967609
58.469776
54.171905
58.921085
58.579295
58.806865
60.328607
58.484531
58.367007
57.869368
53.624204
59.278269
72.318171
59.667541
73.803347
103.439947
73.955963
72.691479
86.736917
58.268428
58.334473
58.047960
53.944905
58.189497
59.074360
59.544433
58.407321
57.997367
57.796356
58.915328
55.051407
58.626483
71.888168
57.903688
75.216238
75.018667
72.199891
87.787044
59.438929
58.364817
59.400750
57.786027
58.374168
58.702941
59.095710
60.695322
58.191706
58.514074
59.963185
58.913446
58.497876
73.143074
58.042078
72.151420
72.253967
73.347569
59.475841
57.901907
58.914143
58.138706
59.916522
58.426573
58.895547
58.159903
58.580961
57.818448
57.734488
57.904815
58.257227
73.687469
58.781869
74.209440
72.365485
58.316693
59.154346
57.854676
60.200700
58.625789
59.291514
58.380033
59.260967
61.218007
58.258058
59.277566
58.059568
59.611915
73.322327
58.821376
73.959815
58.145267
59.028426
60.679966
58.735316
58.990462
57.839834
60.187003
58.228653
60.100244
58.214524
60.265660
59.667385
58.765687
72.170756
58.338113
73.899011
101.900331
103.439947
103.439947
101.086112
100.982393
103.439947
86.177185
75.306037
73.404820
75.314592
101.439876
87.820278
59.310977
103.439947
57.937284
100.696914
100.312622
102.282693
100.676249
103.439947
87.949074
75.314592
72.338906
74.678512
103.439947
87.716235
58.925716
101.287334
58.839368
103.190335
103.439947
103.131485
101.637853
88.605080
73.609604
74.190937
72.777151
103.439947
89.209616
58.143952
103.084126
59.402348
117.241603
117.455612
114.428846
86.199267
73.672133
72.691845
73.540470
97.012730
87.569594
58.427150
102.564981
58.507880
116.289964
117.455612
87.009100
73.373782
72.817339
73.427679
100.537378
88.071580
58.741745
103.439947
58.141536
117.455612
89.390497
72.498148
73.410200
72.433608
100.789824
86.207070
57.758771
101.313726
59.620849
87.206925
75.314592
72.941454
75.314592
100.285990
86.033066
59.168879
101.187765
58.426369
75.185747
69.830375
70.020216
89.390497
85.115411
57.963592
88.823467
55.802965
86.857648
72.856487
72.607533
73.441414
58.426989
73.107020
58.395006
71.474020
73.385056
72.937234
60.887913
71.885087
56.443465
72.251308
73.163193
58.968806
72.707797
56.114858
88.658306
58.862286
101.763965
59.695931
59.941659
86.675552
56.495610
57.781236
89.229309
58.012776
