72.729880
70.686487
74.841925
72.010322
73.566076
72.659096
74.097824
73.144944
72.246494
59.083616
56.321934
55.632751
57.948456
59.165836
58.636722
57.774324
56.172846
58.506552
55.746533
58.462099
59.507394
58.226993
85.250263
58.893618
87.780973
100.370076
102.701267
102.331769
103.278519
101.546101
70.380655
73.175611
86.689405
57.825599
58.943221
60.661569
59.888405
58.172588
55.705153
58.834622
57.973763
59.251188
58.411084
59.005031
59.024786
58.337787
73.886286
57.828069
75.078056
103.404028
101.040455
102.387959
103.409083
73.015980
73.171349
89.245192
58.626341
56.548140
56.156228
58.191684
57.911749
58.401942
57.957739
56.650104
58.234943
56.341469
58.884555
58.581670
58.017491
69.697329
59.013006
72.805703
102.481717
103.409083
103.409083
72.050736
72.145564
86.230631
59.179574
58.494683
59.212665
57.727433
59.014349
58.647242
60.622594
58.227226
58.593170
57.915105
57.860960
55.926330
58.037008
72.999646
58.031425
73.299236
103.409083
102.787751
72.987792
72.627266
87.265826
58.205516
58.386543
57.886663
58.714989
60.123779
58.747925
57.780923
58.407845
57.985297
58.639084
58.322697
58.033257
58.082103
73.439930
57.974936
72.173611
102.702836
73.133505
73.095768
86.419930
53.722489
58.300577
59.024307
58.975044
58.588073
58.476344
58.548252
58.699158
55.606185
58.269422
57.797147
58.649738
54.224992
74.990182
57.956935
75.090030
74.348921
72.689262
87.123216
58.377100
57.995962
59.618855
58.129375
60.208880
58.668132
58.194617
58.123859
58.953927
57.975844
58.625637
57.837154
57.805916
75.240368
56.483271
73.650643
73.875941
73.031891
58.348524
57.777361
58.628112
58.719203
57.838488
56.086274
59.023931
58.741774
58.511466
59.638488
56.720547
59.267680
58.347896
73.584908
59.449528
72.926842
73.829785
57.771894
57.830497
59.309000
59.656125
59.029613
59.410976
59.384511
59.575532
58.081998
60.115325
58.268872
57.734828
57.720287
73.305855
58.796649
72.091297
58.349639
58.040921
59.174407
58.073634
58.771852
58.711377
57.929313
58.351868
59.354316
58.890671
58.302106
58.984033
57.869362
72.813650
58.059299
73.092336
101.093926
101.697488
102.375846
101.276854
102.620042
100.726180
86.971022
67.770042
73.245623
74.154957
101.745665
84.022146
58.549641
103.409083
58.092613
98.098133
100.935645
100.926578
103.409083
103.409083
84.666169
72.789138
71.301768
74.174403
103.409083
86.525239
56.197603
101.752151
58.612284
101.277788
100.309424
103.409083
103.409083
86.546219
73.530120
71.370154
73.842551
100.227271
87.529801
56.696775
103.175457
58.521014
116.624290
115.559957
114.361657
87.880899
73.294944
71.867174
71.986446
100.974660
88.004342
57.786179
103.409083
58.477345
115.041227
115.653456
89.348470
73.150506
73.695088
73.088980
103.035214
87.377466
58.028477
101.699431
59.583043
114.093578
86.995937
73.223328
72.544155
69.999873
102.815631
86.903820
58.327968
100.474783
58.086700
87.885878
74.164523
72.614052
72.937754
100.817041
87.531163
58.101553
102.292934
58.181562
73.351092
72.408631
74.723895
86.331932
89.348470
56.360985
89.348470
58.744408
87.179023
73.145252
72.464581
67.441923
58.809214
73.030371
58.436953
72.586466
71.932920
73.230300
55.871279
73.360182
60.282072
72.621697
73.652752
58.099837
72.416614
57.815845
87.714037
59.389708
102.939999
58.910016
58.701159
88.798092
57.753777
59.709359
88.214680
58.002095
