72.514514
72.754279
70.620567
72.964811
72.588038
72.589930
72.781148
72.970334
73.031173
58.636256
58.664559
58.243802
58.634828
58.331630
58.956853
58.986930
58.603181
58.291009
58.624638
58.484477
58.528774
58.301744
87.094026
58.272869
86.980051
100.272156
101.191722
101.098680
101.445278
100.958570
73.003449
72.716409
87.275799
58.368143
58.731811
58.368214
58.377034
58.463654
58.483364
58.300633
58.736469
58.520612
58.558783
58.300893
58.477092
58.288606
72.775796
58.592343
72.460130
101.124948
101.182513
101.340116
101.085243
72.800133
72.787922
88.056392
58.204573
58.607735
58.363585
58.263845
58.681681
58.327568
58.432744
58.461090
58.238331
58.231258
58.939923
58.367412
58.530944
72.804978
58.344852
72.905465
102.252111
101.043546
102.293198
72.794899
72.748213
87.051292
58.332833
58.294545
58.518283
58.594008
58.841346
58.389292
58.444593
58.381907
58.475694
58.252411
58.492582
59.012860
58.749035
72.682348
58.779544
74.135013
101.616832
101.648850
72.954872
72.559808
87.310107
58.791681
58.206753
58.253139
58.378811
58.563308
58.577039
58.197401
58.201891
58.371910
58.609722
58.225825
58.581653
58.394900
72.915465
58.641445
72.443129
101.387633
72.766957
72.912556
87.119307
58.382035
58.245990
58.400156
58.793048
58.622320
58.211180
58.315320
58.454953
58.366256
58.649494
58.513718
58.559340
58.581626
72.813301
58.288123
73.057653
73.328975
72.507574
85.720077
58.232743
58.644487
58.755563
58.202229
55.973906
58.285970
56.060518
58.758566
58.278341
58.548372
58.241020
59.115968
58.436347
73.336829
56.272756
70.948825
72.732327
72.647668
58.261130
58.430361
58.374889
58.219406
58.570248
58.371993
58.342277
58.726510
58.522591
58.629283
58.470138
58.533432
58.430280
72.629001
58.501709
73.191589
72.863586
58.437977
58.463813
58.394144
59.030481
58.326936
58.262687
58.759786
58.314642
58.669495
58.458079
58.545524
58.556690
58.455772
73.239860
58.423544
73.040304
58.641896
58.297842
58.481745
58.196950
55.954495
58.273902
56.797268
58.539835
58.259624
58.289550
58.728359
58.632845
58.536592
72.718929
56.134212
70.348134
101.263991
102.002547
101.604206
102.466818
101.201270
101.109041
87.188464
73.558475
73.113511
72.588808
101.192274
86.969247
58.222514
100.943767
58.536947
101.618853
101.269340
101.383083
101.551250
101.230655
87.553100
72.501145
73.410520
73.559391
101.304947
87.792758
58.284704
100.940195
58.372438
101.664707
101.995221
98.160677
101.499246
87.397386
73.056039
72.866197
72.803175
97.462416
87.519981
54.249018
101.888629
58.337191
116.348347
115.398065
116.080396
87.008430
72.850830
72.629062
73.761322
102.211753
87.248747
58.434839
102.481318
58.494460
117.085596
114.004319
86.927421
72.465357
73.277170
72.641744
101.851862
87.841986
58.437571
99.317298
55.969295
115.638724
87.672118
72.441774
72.620702
72.511507
96.473057
86.708543
53.977829
101.455778
58.195275
87.137152
73.016552
72.461570
72.510660
101.204921
86.840390
58.270900
98.788074
56.886367
73.645054
72.887905
72.567479
86.979752
86.844783
58.273278
88.155161
58.475124
87.180548
72.622133
73.550156
72.956737
58.876439
72.857723
58.632126
73.321864
72.524045
72.974510
58.333502
73.186891
58.452963
73.400947
72.673862
58.737068
72.936876
58.263051
87.759959
53.861169
101.431000
58.397841
58.254087
87.299439
58.375309
58.209127
87.014388
56.214341
