75.280252
75.280252
74.543297
74.305404
70.839471
75.220449
74.176358
75.280252
69.518007
55.945105
61.197424
56.210363
59.207183
58.699985
58.002310
59.584861
56.719477
61.197424
54.619915
59.746312
53.946413
59.702706
87.762730
54.690471
84.576052
103.359263
103.359263
101.276220
102.583658
103.359263
74.425485
72.614721
86.771110
60.437714
58.532764
60.462441
61.197424
57.938175
58.561636
61.197424
58.432486
59.308033
58.314484
56.416708
58.480962
58.233360
74.115837
60.226082
75.280252
103.359263
103.359263
101.357728
100.576725
75.280252
75.280252
88.546223
59.878996
61.197424
57.935555
58.845991
58.201245
58.942455
56.105811
58.573270
60.633248
57.983958
58.865644
61.197424
56.778795
73.895661
59.547402
73.116082
103.190015
102.769249
103.359263
74.136343
75.280252
89.336573
58.360641
61.197424
57.721272
60.976501
58.813526
61.197424
60.121454
60.830889
59.344877
60.839662
58.486672
61.112405
59.584399
75.280252
58.386434
73.540946
103.333698
100.365601
74.610492
73.719918
89.336573
58.587363
59.399812
57.927110
58.330353
61.197424
60.680950
59.101453
58.328423
59.228186
58.044819
56.515710
61.197424
61.197424
75.280252
57.923003
72.425312
100.408092
72.770111
75.280252
84.944884
54.900707
58.132678
54.305329
58.386818
59.077833
59.169444
61.197424
54.617824
60.661632
56.719477
58.264952
56.719477
61.197424
74.799143
56.499317
70.839471
75.129001
73.400971
87.642676
57.875365
58.483143
57.734532
58.951662
58.856905
60.114207
61.154674
60.749513
59.089768
58.920914
58.854145
61.197424
59.086235
73.674307
58.616055
73.847934
72.346430
74.027123
59.165904
58.765220
59.765231
57.880920
58.852381
57.927946
57.983133
57.956883
58.155863
58.282307
58.076553
58.238150
61.197424
75.280252
59.038822
75.280252
75.280252
60.808076
60.630362
58.442125
58.315445
60.023820
60.660379
60.412102
57.953177
58.859999
58.831809
59.030446
59.573347
61.197424
72.001145
58.230507
74.545674
53.676319
60.195173
54.436970
57.802835
58.150671
59.071561
58.693186
53.648857
58.896798
54.887924
60.750651
54.221821
58.858524
75.280252
53.944555
70.839471
100.972901
99.030484
103.359263
101.879702
100.985017
103.359263
82.765882
72.131383
70.839471
74.458922
97.801087
89.336573
58.560127
98.890167
53.998260
100.605481
102.672778
102.065298
103.359263
103.359263
87.891092
74.226721
74.091299
74.847155
100.865607
86.913171
57.960795
103.359263
60.448216
102.145399
100.457959
103.359263
102.089261
84.732037
75.280252
67.989362
73.260182
98.963591
89.336573
61.197424
96.821640
54.481723
115.059765
116.079421
115.620150
87.151102
75.280252
73.268002
73.829425
103.359263
86.354428
60.365861
102.138622
58.951439
114.528416
116.587876
88.749853
75.219149
73.069812
74.219903
102.591142
87.568155
58.437365
103.359263
59.468461
116.063501
86.339312
75.280252
74.087038
73.060605
101.070395
89.336573
59.022373
103.359263
60.419583
86.480366
75.280252
72.471168
75.280252
100.488334
87.274747
61.197424
101.883978
61.008249
75.280252
68.205768
71.962361
84.944884
89.336573
60.493191
82.716394
54.283053
89.336573
75.280252
72.463013
72.147646
58.347426
72.729806
59.443557
73.780537
70.839471
73.559279
60.277334
68.713627
54.622918
73.731196
74.867338
61.197424
74.214767
58.764903
86.532460
60.127494
95.841955
56.719477
61.172491
88.845582
58.439645
59.946207
89.336573
55.541145
