61.279986
61.000318
61.190067
61.024131
61.108716
61.219735
61.166201
61.221454
61.362147
49.311169
49.357086
49.217739
49.605525
49.401116
49.293461
49.170926
49.104891
49.453795
49.120418
49.224875
49.307767
49.282391
73.433311
49.043766
73.031964
85.192177
85.299069
85.051705
85.183407
85.425511
61.593697
61.010638
73.036665
49.317772
49.157732
49.006600
49.033468
49.064848
49.581950
49.087162
49.006798
49.052069
49.450952
49.284723
49.498593
49.598974
61.478589
49.098679
61.218511
85.134344
85.211207
85.214158
85.155905
61.286998
61.612106
73.357213
49.157556
49.262113
49.093299
49.479489
49.284406
49.371685
49.261720
49.170838
49.361157
49.301508
49.042240
49.035419
49.495771
62.040995
49.040973
61.603062
85.194106
85.255004
85.159845
61.150366
61.044683
73.294716
49.011522
49.104169
49.267276
49.013175
49.309801
49.460415
49.095587
49.173213
49.049814
49.402153
49.360989
49.060089
49.365400
61.100452
49.246700
61.168634
85.100417
85.235113
61.167895
61.136091
73.231405
49.502139
49.115586
49.060197
49.326442
49.105350
49.241383
49.163763
49.289533
49.783463
49.039889
49.104658
49.256165
49.448286
61.117367
49.384036
61.142852
85.484931
61.555863
61.132713
73.242641
49.376076
49.149628
49.046255
49.088789
49.355942
49.034513
49.050415
49.049215
49.511204
49.353081
49.281480
49.048781
49.079679
61.144453
49.198788
61.160692
61.118382
61.137606
73.128383
49.666654
49.010178
49.073432
49.646118
49.010138
49.096832
49.042129
49.214161
49.101921
49.234668
49.228113
49.440605
49.307844
61.291701
49.239433
61.293557
61.085909
61.666718
49.330021
49.116301
49.199154
49.227141
49.062503
49.272794
49.553224
49.458394
49.047511
49.078216
49.134449
49.022680
49.726237
61.295160
49.450669
61.227687
61.196282
49.062680
49.212616
49.012898
49.107000
49.110719
49.081433
49.276753
49.207895
49.152422
49.257527
49.555136
49.088752
49.308077
61.213483
49.024668
61.107041
49.669498
49.404778
49.318402
49.078051
49.430422
49.239838
49.566081
49.250489
49.634939
49.247668
49.120942
49.209290
49.068275
61.313825
49.080316
61.213490
85.258508
85.252469
85.122255
85.244799
85.058296
85.002219
73.638406
61.422654
61.132820
61.710597
85.594858
73.055241
49.119462
85.009365
49.208226
85.154915
85.117580
85.446018
85.228052
85.033658
73.438544
61.264288
61.705760
61.058652
85.276818
73.481760
49.502102
85.211860
49.310954
85.337223
85.233850
85.307678
85.008825
73.258594
61.001837
61.193408
61.073118
85.284386
73.238266
49.577178
85.490108
49.138055
97.393677
97.547228
97.422087
73.277772
61.121774
61.250445
61.598416
85.396716
73.458558
49.174748
85.172676
49.141389
97.280548
97.264874
73.409699
61.329471
61.228660
61.276269
85.060496
73.115864
49.429892
85.093329
49.354856
97.042010
73.137188
61.070924
61.112683
61.981406
85.426019
73.426987
49.013779
85.182305
49.375545
73.070017
61.170798
61.617305
61.032402
85.415983
73.363953
49.254634
85.824139
49.152553
61.453284
61.106188
61.088474
73.001256
73.125717
49.600254
73.314210
49.471159
73.202273
61.119357
61.218924
61.152421
49.204928
61.153273
49.347975
61.014526
61.026600
61.012322
49.080375
61.438440
49.103489
61.184661
61.290975
49.089124
61.498761
49.120467
73.528211
49.244517
85.055422
49.106739
49.004300
73.215776
49.200409
49.049503
73.511437
49.227517
