73.755206
72.747164
72.695193
72.545773
73.300273
72.471248
72.982247
72.567863
72.425751
55.942603
58.218948
58.532891
58.845212
58.071557
58.921501
58.818194
59.285028
58.158791
58.368290
58.598367
58.802515
58.852789
87.180094
58.586304
88.482171
101.455130
101.813795
97.430554
102.234366
101.312625
72.993047
67.853039
82.328134
58.320168
54.462369
58.233905
53.790487
58.978097
59.313908
59.593761
58.213929
58.398527
58.376738
58.169229
58.879539
54.048073
72.797658
59.016960
72.435729
100.155505
100.725859
104.041433
100.718588
72.898575
72.902250
86.973025
58.146451
58.713215
58.104064
58.875629
59.155427
58.617330
58.972227
58.109117
59.134200
58.293091
58.712593
59.149478
58.390963
72.319907
56.289069
73.325451
100.998549
102.088635
102.004024
73.172055
72.822302
88.614896
59.596167
58.137087
58.685479
58.039297
58.027729
58.185083
58.189031
58.174878
58.559684
58.671091
59.479107
59.168520
58.117143
73.247993
57.009896
72.893131
100.826073
101.459593
72.947912
68.239142
82.943519
58.688142
53.739680
58.652493
54.125404
58.375236
58.123726
58.401076
58.162402
58.290654
59.211681
58.121831
58.303074
54.462173
73.375001
59.235079
72.962914
101.649555
72.940207
72.372745
87.262941
58.173356
59.194315
60.048111
59.109135
58.415451
58.731456
59.633229
58.489121
58.185672
58.266319
58.100469
58.698534
58.687439
73.208222
59.174750
72.977255
73.216064
72.376871
88.366095
58.423876
58.729270
58.764047
58.124101
58.185084
58.314253
58.741615
59.060152
58.706471
58.556675
58.085782
58.948948
58.255963
73.618593
58.384028
74.155408
72.425173
72.646478
58.329730
58.565497
58.359616
58.967639
58.156421
58.765937
58.535032
58.234719
58.361577
56.308803
58.397791
58.449152
58.918495
70.270888
58.526648
73.355392
69.579020
58.170333
53.799211
58.605714
53.833412
58.704981
58.863600
58.351955
58.213687
58.747687
58.042658
58.516160
58.815160
54.417661
72.362314
58.117896
73.504231
58.550433
53.620557
59.082424
53.708131
58.488756
58.216176
58.716277
58.549283
58.329375
59.620491
58.731106
58.568527
53.598899
72.580084
58.725968
73.482736
101.708810
101.118349
102.135669
101.369475
101.670679
101.286901
87.162313
73.137196
72.706916
72.830331
101.147837
88.517909
58.194425
100.847502
58.465096
102.517620
97.561093
103.109436
100.711203
101.453817
87.979282
72.701955
73.101753
73.537639
100.923759
82.081424
58.866637
100.648086
58.463409
101.789632
101.215173
104.041433
103.095820
88.146470
72.449340
72.282014
73.672324
101.295034
88.972117
58.367355
102.638080
59.071965
118.160724
117.302253
118.160724
87.767087
72.648554
73.873744
72.503025
101.693651
83.408576
58.198059
101.688692
58.684842
115.379668
115.934592
87.616784
72.686612
73.140655
72.626140
102.972843
86.884821
59.026094
101.075048
58.374668
115.667891
88.041191
72.390564
72.668803
72.777968
101.250320
88.611484
58.661055
100.609104
59.020417
88.560104
72.491495
73.199952
72.388207
101.137862
87.005308
58.781304
101.301022
58.094123
73.476819
74.306417
73.021706
87.381844
87.048272
58.021084
87.241411
59.313823
88.509949
73.607238
72.610151
73.811968
58.100910
73.497380
58.262620
72.510408
72.857282
72.395064
55.982859
73.588772
58.296896
72.646427
73.059470
58.308339
72.237652
58.480970
87.330982
58.276659
102.771870
58.122263
58.503804
86.820987
58.252410
58.802015
86.631601
58.193129
