1.299720
1.117878
1.214131
1.260278
1.189518
1.117847
1.241623
1.197857
1.286830
1.292629
1.289993
1.138533
1.233268
1.262538
1.247332
1.205005
1.191788
1.250874
1.162140
1.262977
1.225959
1.202464
1.181335
1.184856
1.144028
1.218730
1.109801
1.237231
1.201277
1.082653
1.215964
1.220425
1.207415
1.113568
1.140547
1.102310
1.228017
1.197489
1.260503
1.193563
1.157957
1.256900
1.192082
1.251589
1.222693
1.225914
1.277794
1.179144
1.150195
1.231159
1.258392
1.231069
1.200199
1.183261
1.175812
1.209246
1.092278
1.182620
1.038451
1.124379
1.087981
1.203532
1.206986
1.260599
1.139466
1.151183
1.115293
1.081143
1.116321
1.256360
1.239183
1.178421
1.152044
1.113107
1.294189
1.263136
1.180837
1.182132
1.142351
1.057254
1.251827
1.179279
1.305591
1.242230
1.076153
1.263526
1.227578
1.209940
1.259372
1.098498
1.225792
